ADConv [] []
Automate [7, 64, 0, 0] []
BinCounter [] []
Clip [0, 0, 0, 1] []
ClkDiv [0] [0]
ClkGen [64, 1, 0, 2, 0] []
CompLev [64] []
Compress [18, 20, 1, 20, 30, 0, 1] []
CompSig [] []
Constant [64, 0] []
ConstSwM [64, 0, 0] []
ConstSwT [64, 0, 0] []
CtrlRcv [7, 0] []
CtrlSend [1, 0, 0] []
DAConv [] []
Delay [64, 0, 1] [0]
DelayA [64, 64, 64, 64, 1, 0] [0]
DelayB [64, 64, 127, 64, 0, 0, 0, 1, 0] [0]
DelayDual [64, 64, 64, 64] [0]
DelayQuad [64, 64, 64, 64, 64, 64, 64, 64, 0] [0]
Device [] []
Digitizer [11, 64, 0, 1] []
DlyClock [0] []
DlyEight [0] [0]
DlyShiftReg [] []
DlySingleA [64] [0]
DlySingleB [64, 64] [0]
DlyStereo [64, 64, 64, 64, 0, 0, 0, 127, 64, 1, 0] [0]
DrumSynth [42, 15, 46, 50, 120, 102, 57, 32, 39, 49, 1, 68, 61, 79, 115, 1] []
DXRouter [0, 0] []
E8Counter [] []
EnvADDSR [1, 0, 0, 54, 100, 54, 70, 14, 1, 0, 0] []
EnvADR [0, 0, 0, 54, 1, 0, 1, 0] []
EnvADSR [0, 0, 54, 100, 14, 0, 1, 0] []
EnvAHD [0, 0, 32, 0, 14, 0, 1] []
EnvD [54, 0] []
EnvFollow [0, 20] []
EnvH [32, 0] []
EnvMulti [127, 45, 64, 0, 0, 30, 30, 14, 0, 2, 0, 1, 0] []
Eq2Band [64, 64, 127, 1, 0, 2] []
Eq3Band [64, 64, 93, 64, 127, 1, 0, 2] []
EqPeak [60, 64, 64, 1, 127] []
Fade1 [64, 0] []
Fade2 [64, 0] []
Flanger [64, 64, 64, 1] []
FlipFlop [] [0]
FltClassic [75, 0, 0, 0, 2, 1] []
FltComb [64, 0, 0, 64, 0, 0, 127, 1] []
FltHP [60, 0, 0, 1] [0]
FltLP [75, 0, 0, 1] [0]
FltMulti [75, 0, 0, 1, 0, 1, 1] []
FltNord [75, 0, 0, 1, 0, 1, 1, 0, 0, 0] []
FltPhase [0, 64, 0, 64, 2, 64, 1, 127, 0, 0, 0] []
FltStatic [75, 0, 0, 1, 0] []
FltVoice [0, 1, 2, 100, 64, 0, 64, 0, 64, 1] []
FreqShift [0, 0, 2, 1] []
FxIn [0, 1, 1] []
Gate [] [0, 0]
Glide [64, 1, 0] []
In2 [0, 1, 1] []
In4 [0, 1, 1] []
Invert [] []
Keyboard [] []
KeyQuant [127, 0, 0, 0, 0, 0, 0, 0, 0, 0, 0, 0, 0, 0] []
LevAdd [64, 1] []
LevAmp [64, 0] []
LevConv [4, 0] []
LevMod [0, 64] []
LevMult [] []
LevScaler [64, 64, 64, 1] []
LfoA [64, 0, 0, 0, 0, 1, 4, 1] []
LfoB [64, 0, 1, 0, 0, 0, 0, 1, 4, 0] []
LfoC [64, 0, 4, 1, 1] [0]
LfoShpA [64, 1, 0, 0, 1, 64, 0, 0, 0, 0, 4, 0] []
MetNoise [64, 64, 1, 0, 0] []
MinMax [] []
Mix11A [100, 1, 0] []
Mix11S [100, 1, 0] []
Mix21A [100, 1, 100, 1, 0] []
Mix21B [0, 100, 0, 100, 0] []
Mix41A [] []
Mix41B [100, 100, 100, 100, 0] []
Mix41C [100, 100, 100, 100, 1, 1, 1, 1, 0, 0] []
Mix41S [100, 100, 100, 100, 1, 1, 1, 1, 0] []
Mix81A [0] []
Mix81B [100, 100, 100, 100, 100, 100, 100, 100, 0, 0] []
MixFader [100, 100, 100, 100, 100, 100, 100, 100, 1, 1, 1, 1, 1, 1, 1, 1, 0, 0] []
MixStereo [100, 100, 100, 100, 100, 100, 64, 64, 64, 64, 64, 64, 100] []
ModADSR [0, 54, 100, 14, 0, 0, 0, 0, 0, 1] []
ModAHD [0, 32, 14, 0, 0, 0, 0, 1] []
ModAmt [100, 1, 0, 0] []
MonoKey [0] []
Mux18 [] []
Mux81 [] []
Mux81X [0] []
Name [] []
Noise [0, 1] []
NoiseGate [20, 0, 64, 1] []
NoteDet [64] []
NoteQuant [127, 0] []
NoteRcv [64, 0] []
NoteScaler [0] []
NoteSend [100, 64, 0] []
NoteZone [0, 0, 127, 64, 0, 0] []
Operator [1, 0, 0, 1, 0, 7, 0, 0, 90, 99, 80, 99, 70, 99, 70, 0, 0, 50, 0, 0, 0, 0, 99, 1, 1] []
OscA [64, 64, 1, 0, 2, 1, 0] []
OscB [64, 64, 1, 0, 0, 0, 0, 0, 2, 1, 0] []
OscC [64, 64, 1, 0, 0, 1, 0, 0] [0]
OscD [64, 64, 1, 0, 1] [0]
OscDual [64, 64, 1, 0, 0, 127, 0, 0, 0, 0, 1, 0, 0, 0] []
OscMaster [64, 64, 1, 0, 0] []
OscNoise [64, 64, 1, 0, 0, 0, 0, 1] []
OscPerc [64, 64, 0, 0, 0, 64, 64, 0, 1] []
OscPM [64, 64, 1, 0, 0, 1, 0] [0]
OscShpA [64, 64, 1, 0, 0, 0, 0, 0, 0, 0, 1] []
OscShpB [64, 64, 1, 0, 0, 0, 0, 0, 1, 0] [0]
OscString [64, 64, 1, 0, 0, 80, 0, 1] []
Out2 [0, 1, 0] []
Out4 [0, 1, 0] []
Overdrive [0, 0, 1, 0, 1] []
Pan [0, 64, 0] []
PartQuant [127] []
PCSend [0, 0] []
Phaser [0, 64, 0, 1] []
PitchTrack [20] []
PShift [64, 64, 0, 2, 1] []
Pulse [1, 0, 0] [0]
RandomA [64, 0, 0, 1, 1, 4, 3] []
RandomB [64, 0, 0, 0, 127, 1, 0, 1, 4] []
Rect [0, 1] []
Reverb [64, 64, 64, 1] [0]
RndClkA [127, 0, 0, 0, 1] []
RndClkB [127, 0, 1, 0, 0] [0]
RndPattern [64, 64, 127, 15, 0, 0, 1] [0]
RndTrig [64, 0, 1, 0] []
saturate [0, 0, 1, 0] []
scratch [80, 0, 2, 1] []
seqCtr [0, 0, 0, 0, 0, 0, 0, 0, 0, 0, 0, 0, 0, 0, 0, 0, 0, 0, 0, 0, 0, 0, 0, 0, 0, 0, 0, 0, 0, 0, 0, 0, 0, 0, 0, 0, 0] []
seqEvent [0, 0, 0, 0, 0, 0, 0, 0, 0, 0, 0, 0, 0, 0, 0, 0, 0, 0, 0, 0, 0, 0, 0, 0, 0, 0, 0, 0, 0, 0, 0, 0, 1, 15, 0, 0] []
seqLev [0, 0, 0, 0, 0, 0, 0, 0, 0, 0, 0, 0, 0, 0, 0, 0, 0, 0, 0, 0, 0, 0, 0, 0, 0, 0, 0, 0, 0, 0, 0, 0, 1, 15, 1, 0, 0, 0] []
seqNote [64, 64, 64, 64, 64, 64, 64, 64, 64, 64, 64, 64, 64, 64, 64, 64, 0, 0, 0, 0, 0, 0, 0, 0, 0, 0, 0, 0, 0, 0, 0, 0, 1, 15, 0, 0, 0] []
seqVal [0, 0, 0, 0, 0, 0, 0, 0, 0, 0, 0, 0, 0, 0, 0, 0, 0, 0, 0, 0, 0, 0, 0, 0, 0, 0, 0, 0, 0, 0, 0, 0, 1, 15, 0, 0, 0, 0] []
sH [] []
shpExp [0, 0, 1, 0] []
shpStatic [1, 1] []
status [] []
stChorus [20, 127, 1] []
sw12 [0] []
sw12M [0] []
sw14 [0] []
sw18 [0] []
sw21 [0] []
sw21M [0] []
sw41 [0] []
sw81 [0] []
swOnOffM [0] []
swOnOffT [0] []
TH [] []
ValSw1 [0] []
ValSw2 [0] []
Vocoder [1, 2, 3, 4, 5, 6, 7, 8, 9, 10, 11, 12, 13, 14, 15, 16, 0, 0] []
WahWah [0, 64, 1] []
WaveWrap [0, 0, 1] []
WindSw [40, 80] []
XFade [0, 64, 0] []
ZeroCnt [] []
